K_p = 44.9622;
T_i = 7.7550;